loss: -0.8012248277664185
iou: 0.6689515709877014
dice_coef: 0.8012248277664185
binary_accuracy: 0.9190046787261963
