loss: -0.8279796838760376
iou: 0.7073167562484741
dice_coef: 0.827979564666748
binary_accuracy: 0.8587267398834229
