loss: -0.9290205836296082
iou: 0.8678069114685059
dice_coef: 0.9290206432342529
binary_accuracy: 0.941617488861084
