loss: -0.8948799967765808
iou: 0.8101122379302979
dice_coef: 0.8948800563812256
binary_accuracy: 0.9116212725639343
