loss: -0.8948867917060852
iou: 0.810045063495636
dice_coef: 0.8948869705200195
binary_accuracy: 0.909892201423645
