loss: -0.7629702091217041
iou: 0.6173067092895508
dice_coef: 0.7629703283309937
binary_accuracy: 0.7868611812591553
